10 10
0.629447 -0.729046 0.811584 0.670017 -0.746026 0.937736 0.826752 -0.557932 0.264719 -0.383666 
-0.804919 0.0944412 -0.443004 -0.623236 0.093763 0.985763 0.915014 0.992923 0.929777 0.93539 
-0.684774 0.451678 0.941186 0.962219 0.914334 -0.780276 -0.0292487 0.596212 0.600561 -0.405941 
-0.716227 -0.990433 -0.156477 -0.775071 0.831471 0.279527 0.584415 0.756861 0.918985 0.00732541 
0.311481 0.595857 -0.928577 -0.277412 0.698259 -0.576151 0.867986 0.362719 0.35747 -0.202523 
0.51548 0.481295 0.486265 -0.0504826 -0.215546 -0.155825 0.310956 -0.65227 -0.657627 -0.396174 
0.412092 0.59456 -0.936334 -0.366899 -0.446154 0.744858 -0.907657 -0.701772 -0.805736 0.988137 
0.646916 0.643807 0.389657 -0.749635 -0.365801 0.5275 0.900444 -0.0188219 -0.931108 0.327211 
-0.122511 -0.748207 -0.236883 -0.579582 0.531034 -0.897567 0.5904 -0.927117 -0.626255 -0.182538 
-0.0204712 -0.0840217 -0.108828 -0.0248622 0.292626 0.58795 0.41873 0.84175 0.509373 0.615062 
