10 50
0.629447 -0.729046 0.811584 0.670017 -0.746026 0.937736 0.826752 -0.557932 0.264719 -0.383666 -0.804919 0.0944412 -0.443004 -0.623236 0.093763 0.985763 0.915014 0.992923 0.929777 0.93539 -0.684774 0.451678 0.941186 0.962219 0.914334 -0.780276 -0.0292487 0.596212 0.600561 -0.405941 -0.716227 -0.990433 -0.156477 -0.775071 0.831471 0.279527 0.584415 0.756861 0.918985 0.00732541 0.311481 0.595857 -0.928577 -0.277412 0.698259 -0.576151 0.867986 0.362719 0.35747 -0.202523 
0.51548 0.481295 0.486265 -0.0504826 -0.215546 -0.155825 0.310956 -0.65227 -0.657627 -0.396174 0.412092 0.59456 -0.936334 -0.366899 -0.446154 0.744858 -0.907657 -0.701772 -0.805736 0.988137 0.646916 0.643807 0.389657 -0.749635 -0.365801 0.5275 0.900444 -0.0188219 -0.931108 0.327211 -0.122511 -0.748207 -0.236883 -0.579582 0.531034 -0.897567 0.5904 -0.927117 -0.626255 -0.182538 -0.0204712 -0.0840217 -0.108828 -0.0248622 0.292626 0.58795 0.41873 0.84175 0.509373 0.615062 
-0.44795 0.411548 0.359405 -0.994363 0.310196 0.421408 -0.674777 0.287922 -0.762005 -0.0879344 -0.00327188 0.547834 0.919488 0.147509 -0.319229 0.753515 0.170535 0.616351 -0.552376 -0.964452 0.502534 0.642492 -0.48981 0.641682 0.0119141 0.880148 0.398153 -0.174667 0.781806 -0.15367 0.918583 0.161913 0.094431 -0.683885 -0.722751 0.523462 -0.701412 -0.539688 -0.484984 0.619469 0.681435 0.977043 -0.491436 -0.335103 0.62857 -0.400337 -0.51295 -0.972922 0.858527 -0.565524 
-0.300032 0.814729 -0.606809 0.696936 -0.497832 0.910035 0.232089 0.557795 -0.0534223 0.974919 -0.296681 -0.864809 0.661657 0.587195 0.170528 0.189007 0.0994473 0.465597 0.834387 0.390466 -0.428322 0.35964 0.5144 -0.215359 0.507458 0.123115 -0.239108 -0.583864 0.135643 0.0547429 -0.848291 -0.191583 -0.8921 -0.294475 0.0615951 0.185648 0.558334 -0.28731 0.868021 0.929933 -0.740188 -0.691123 0.137647 -0.210184 -0.0612187 -0.225408 -0.976196 0.453909 -0.325755 -0.22286 
-0.675635 0.854986 0.588569 -0.127765 -0.37757 0.725356 0.0570663 0.24072 -0.668703 -0.760906 0.203964 -0.0560864 -0.474057 -0.319561 0.308158 0.0596839 0.378429 0.432201 0.496303 0.976759 -0.0989168 0.440987 -0.832357 0.825155 -0.542046 0.0109971 0.826675 0.116538 -0.695244 0.00638008 0.651634 -0.0750516 0.0766848 0.0931839 0.992269 -0.104831 -0.843649 0.708902 -0.114643 0.208463 -0.786694 -0.00291163 0.923796 0.959851 -0.990732 -0.931365 0.549821 0.954004 0.634606 -0.273627 
0.737389 0.359039 -0.831128 -0.307533 -0.200435 0.71175 -0.480259 -0.909881 0.600137 0.320239 -0.137172 0.499882 0.821295 -0.734008 -0.636306 0.964721 -0.472394 -0.80929 -0.708922 -0.434653 -0.727863 0.604223 0.738584 -0.844886 0.159409 0.254769 0.0997204 -0.983812 -0.71009 0.360574 0.706062 0.0678662 0.24411 -0.122666 -0.298095 -0.600898 0.026499 -0.723997 -0.196384 -0.235334 -0.848067 0.524843 -0.520168 -0.919058 -0.753362 -0.494088 -0.632184 0.00954199 -0.520095 0.64521 
-0.165466 0.963446 -0.900691 0.646911 0.805432 -0.396345 0.889574 -0.904111 -0.0182718 -0.504305 -0.0214947 0.0881122 -0.324561 0.775452 0.800108 -0.312321 -0.261506 -0.933463 -0.777595 -0.674256 0.560504 0.754728 -0.220522 -0.579396 -0.516617 -0.454494 -0.192176 -0.015116 -0.807091 -0.55316 -0.736053 -0.019397 0.884101 0.909887 0.912269 0.303937 0.150417 0.515007 -0.880441 -0.129509 -0.53044 0.105762 -0.293683 -0.893695 0.642388 -0.354979 -0.969193 -0.190037 -0.913952 0.816867 
-0.66202 0.618274 0.298231 -0.483408 0.463445 -0.740307 0.295492 -0.0133463 -0.0981526 -0.242999 0.0940177 0.43694 -0.407358 -0.42439 0.489386 0.246871 -0.62209 0.623748 0.373551 -0.374984 -0.632978 -0.228579 -0.263031 -0.312141 0.251237 0.631538 0.560455 0.33857 -0.837748 -0.241162 0.858772 -0.0830062 0.551425 -0.392772 -0.0264167 0.82113 -0.128283 -0.0227646 -0.106432 0.51158 -0.387301 -0.783876 0.0170174 -0.21282 0.0215431 0.740373 0.635255 -0.278279 0.589663 0.834236 
0.288636 0.087611 -0.242781 -0.719712 0.623161 -0.600254 0.0656512 0.89785 -0.298546 0.98022 0.878003 -0.519848 0.751886 -0.966959 0.100313 -0.22277 0.24495 0.559379 0.174089 -0.0467238 -0.584515 0.080276 -0.397507 -0.963098 -0.0581533 0.800366 -0.539024 -0.611009 0.688618 0.771996 -0.610471 -0.117553 -0.548156 -0.704342 -0.658584 -0.520995 -0.544671 0.599306 -0.128603 -0.0539699 -0.377795 -0.820354 0.846759 0.289101 -0.139585 0.266127 -0.630367 0.168764 0.809762 0.453309 
0.959497 -0.290724 -0.12226 0.360813 -0.777762 0.414643 -0.483871 -0.675343 -0.18256 -0.732527 0.189792 -0.100888 -0.475577 -0.915892 0.205686 0.594728 0.422432 -0.664888 -0.556507 0.662429 -0.765165 -0.350073 -0.406648 0.31156 -0.362443 -0.15962 -0.151666 0.563818 0.0157166 -0.773615 -0.828968 0.987069 -0.475036 -0.636854 0.602029 0.525863 -0.941559 -0.468159 0.857708 -0.511723 0.460662 -0.798523 -0.022782 -0.311344 0.15705 -0.436745 -0.525433 0.937281 -0.0823023 -0.572455 
